30 415 3.6 7.62 0 0 1
30 225 2.54 9 0 0 1
50 256.5 2.8 5.7 0 0 1
20 200 2.5 9 0 0 1
3 1100 26.29 20 1 0 0
1 920 19.2 20 1 0 0
5 1000 4.7 7.62 1 0 0
2 66 0.53 7.62 0 1 0
9 107 0.785 11.43 0 1 0
15 100 0.76 8 0 1 0
30 450 3.9 5.56 0 0 1
30 390 3.1 7.62 0 0 1
30 405 3.85 5.45 0 0 1
7 610 6 7.62 1 0 0
20 1118 5.27 7.62 1 0 0
4 610 6.6 7.62 1 0 0
50 654 18 8 0 0 1
23 550 8.5 7.92 0 0 1
20 140 1.02 9 0 1 0
18 112.8 0.95 9 0 1 0
7 114 0.795 7.62 0 1 0
33 149 0.58 9 0 1 0
15 108 0.748 9 0 1 0
8 93.5 0.73 9 0 1 0
7 102 0.625 7.62 0 1 0
15 104 0.76 9 0 1 0
20 559 6.5 7.62 1 0 0
1 900 9.6 10.3 1 0 0
10 552 5.2 7.5 1 0 0
3 1000 26 20 1 0 0
5 737 10.7 12.7 1 0 0
30 407 3.3 5.56 0 0 1